Fecha: 2025-12-08
Hora: 19:03:47
Tiempo (s),CH1 (V),CH2 (V),CH3 (V),Operación (V)
0.280892,0.6549,0.6745,0.65,nan
0.284124,0.6549,0.6696,0.65,nan
0.287352,0.6061,0.6109,0.6061,nan
0.290576,0.567,0.567,0.567,nan
0.293808,0.5914,0.6061,0.5914,nan
0.29704,0.6256,0.65,0.6305,nan
0.300276,0.6354,0.6598,0.6354,nan
0.3035,0.5963,0.6012,0.5963,nan
0.306728,0.5572,0.5523,0.5572,nan
0.30996,0.567,0.5767,0.567,nan
0.313192,0.6109,0.6305,0.6061,nan
0.316416,0.6256,0.65,0.6207,nan
0.319648,0.5865,0.5963,0.5865,nan
0.32288,0.5425,0.5327,0.5425,nan
0.326112,0.5523,0.5572,0.5523,nan
0.329336,0.5914,0.6109,0.5865,nan
0.332568,0.6158,0.6354,0.6109,nan
0.3358,0.5865,0.5963,0.5816,nan
0.339036,0.5376,0.5376,0.5376,nan
0.342256,0.5279,0.5376,0.5327,nan
0.345488,0.567,0.5963,0.5718,nan
0.348724,0.6061,0.6305,0.6061,nan
0.351952,0.5816,0.5914,0.5767,nan
0.355176,0.5327,0.5327,0.5327,nan
0.358416,0.523,0.523,0.5181,nan
0.36164,0.5572,0.5767,0.5572,nan
0.364872,0.5963,0.6207,0.5914,nan
0.368096,0.5767,0.5963,0.5767,nan
0.371332,0.5327,0.5376,0.5327,nan
0.37456,0.5083,0.5132,0.5132,nan
0.377796,0.5474,0.567,0.5425,nan
0.381016,0.5767,0.6109,0.5816,nan
0.384248,0.5865,0.5963,0.5767,nan
0.38748,0.5327,0.5425,0.5376,nan
0.390712,0.5083,0.5034,0.5034,nan
0.393936,0.5327,0.5523,0.5327,nan
0.397168,0.5718,0.6012,0.5718,nan
0.400408,0.5767,0.6012,0.5816,nan
0.403632,0.5376,0.5474,0.5425,nan
0.406856,0.4985,0.4985,0.5034,nan
0.410088,0.5181,0.5327,0.523,nan
0.41332,0.5621,0.5865,0.5621,nan
0.416552,0.5767,0.6012,0.5767,nan
0.419776,0.5474,0.5572,0.5425,nan
0.423012,0.4936,0.4985,0.4985,nan
0.42624,0.5083,0.523,0.5132,nan
0.429472,0.5474,0.5767,0.5523,nan
0.432696,0.5718,0.5963,0.5767,nan
0.435928,0.5425,0.5523,0.5474,nan
0.439164,0.5034,0.4985,0.4936,nan
0.4424,0.4936,0.4985,0.4985,nan
0.44562,0.5376,0.567,0.5425,nan
0.448848,0.5767,0.6012,0.5718,nan
0.45208,0.5474,0.5621,0.5474,nan
0.455316,0.4985,0.5034,0.4985,nan
0.45854,0.4888,0.4985,0.4888,nan
0.461768,0.5376,0.5621,0.5327,nan
0.465,0.567,0.6012,0.5718,nan
0.468236,0.5523,0.5718,0.5474,nan
0.471456,0.5034,0.5083,0.5083,nan
0.474692,0.4888,0.4936,0.4888,nan
0.47792,0.523,0.5474,0.523,nan
0.481152,0.567,0.5914,0.5621,nan
0.484384,0.5523,0.5718,0.5523,nan
0.487608,0.5132,0.5181,0.5132,nan
0.490844,0.4839,0.4888,0.4839,nan
0.494072,0.5181,0.5327,0.5132,nan
0.497296,0.5572,0.5865,0.5572,nan
0.500528,0.5621,0.5865,0.5621,nan
0.50376,0.523,0.5279,0.523,nan
0.506996,0.4839,0.4839,0.4839,nan
0.510224,0.5083,0.5279,0.5181,nan
0.513452,0.5474,0.5816,0.5523,nan
0.51668,0.5621,0.5865,0.567,nan
0.519912,0.5279,0.5327,0.5279,nan
0.52314,0.479,0.4839,0.4839,nan
0.526376,0.4985,0.5132,0.5034,nan
0.5296,0.5425,0.567,0.5425,nan
0.532832,0.5621,0.5963,0.567,nan
0.536056,0.5327,0.5376,0.5327,nan
0.539292,0.4888,0.4839,0.4839,nan
0.542524,0.4936,0.5034,0.4985,nan
0.545756,0.5376,0.5621,0.5376,nan
0.548976,0.5621,0.5914,0.5621,nan
0.552216,0.5376,0.5425,0.5425,nan
0.555444,0.4888,0.4888,0.4839,nan
0.558676,0.4839,0.4888,0.4839,nan
0.561896,0.5279,0.5523,0.5279,nan
0.565128,0.5621,0.5914,0.5621,nan
0.568364,0.5376,0.5572,0.5425,nan
0.571596,0.4936,0.4985,0.4936,nan
0.57482,0.479,0.4888,0.479,nan
0.578048,0.5181,0.5425,0.5181,nan
0.58128,0.5572,0.5865,0.5572,nan
0.584512,0.5474,0.5621,0.5474,nan
0.587736,0.4985,0.5083,0.5034,nan
0.590972,0.479,0.4839,0.4741,nan
0.594204,0.5132,0.5376,0.5181,nan
0.597432,0.5474,0.5816,0.5523,nan
0.600656,0.5523,0.5718,0.5474,nan
0.603888,0.5083,0.5181,0.5132,nan
0.607124,0.4741,0.479,0.479,nan
0.610352,0.5083,0.523,0.5083,nan
0.613576,0.5474,0.5767,0.5425,nan
0.616808,0.5572,0.5816,0.5572,nan
0.62004,0.5181,0.5279,0.5181,nan
0.623276,0.4741,0.479,0.479,nan
0.6265,0.4985,0.5132,0.4985,nan
0.629732,0.5425,0.5718,0.5425,nan
0.63296,0.5572,0.5816,0.5572,nan
0.636192,0.5181,0.5376,0.5279,nan
0.63942,0.479,0.479,0.4741,nan
0.642652,0.4936,0.5083,0.4936,nan
0.64588,0.5327,0.5572,0.5376,nan
0.649112,0.5572,0.5865,0.5572,nan
0.652336,0.5279,0.5376,0.5279,nan
0.655572,0.4888,0.4839,0.4839,nan
0.658804,0.479,0.4888,0.479,nan
0.662032,0.523,0.5523,0.5279,nan
0.665256,0.5572,0.5914,0.5572,nan
0.668488,0.5327,0.5474,0.5376,nan
0.671724,0.4888,0.4936,0.4888,nan
0.674956,0.479,0.4839,0.4741,nan
0.678176,0.5181,0.5474,0.523,nan
0.681408,0.5572,0.5865,0.5572,nan
0.68464,0.5425,0.5572,0.5425,nan
0.687876,0.4985,0.5034,0.4936,nan
0.6911,0.4692,0.479,0.479,nan
0.694328,0.5132,0.5376,0.5132,nan
0.697564,0.5523,0.5816,0.5572,nan
0.700792,0.5425,0.567,0.5474,nan
0.704016,0.5034,0.5083,0.5083,nan
0.707252,0.479,0.4839,0.479,nan
0.71048,0.5083,0.5279,0.5083,nan
0.713716,0.5474,0.5816,0.5474,nan
0.716936,0.5523,0.5767,0.5572,nan
0.720168,0.5181,0.523,0.5181,nan
0.723404,0.4741,0.479,0.479,nan
0.726632,0.4985,0.5181,0.5034,nan
0.729856,0.5425,0.5718,0.5474,nan
0.733088,0.5572,0.5816,0.5572,nan
0.73632,0.5181,0.5279,0.523,nan
0.739556,0.4741,0.479,0.4741,nan
0.74278,0.4936,0.5083,0.4888,nan
0.746012,0.5327,0.5621,0.5327,nan
0.749244,0.5572,0.5865,0.5572,nan
0.752472,0.523,0.5327,0.5279,nan
0.7557,0.479,0.4839,0.479,nan
0.758936,0.479,0.4985,0.4936,nan
0.76216,0.5279,0.5572,0.5327,nan
0.765392,0.5572,0.5865,0.5572,nan
0.768616,0.5279,0.5425,0.5327,nan
0.771852,0.4839,0.4839,0.4888,nan
0.775084,0.4741,0.4839,0.4741,nan
0.778312,0.5181,0.5425,0.5181,nan
0.78154,0.5523,0.5865,0.5572,nan
0.784768,0.5327,0.5474,0.5376,nan
0.788004,0.4888,0.4888,0.4888,nan
0.791236,0.479,0.4839,0.479,nan
0.794456,0.5132,0.5376,0.5132,nan
0.797688,0.5523,0.5865,0.5523,nan
0.800928,0.5376,0.5572,0.5425,nan
0.804156,0.4985,0.5034,0.4985,nan
0.80738,0.4692,0.479,0.479,nan
0.810608,0.5083,0.5279,0.5083,nan
0.81384,0.5474,0.5767,0.5523,nan
0.817072,0.5425,0.567,0.5474,nan
0.820296,0.5083,0.5132,0.5083,nan
0.823532,0.4741,0.4741,0.4741,nan
0.82676,0.4985,0.5181,0.5034,nan
0.829992,0.5425,0.5718,0.5425,nan
0.833216,0.5474,0.5767,0.5572,nan
0.836448,0.5132,0.5181,0.5181,nan
0.839684,0.4741,0.479,0.4741,nan
0.842916,0.4888,0.5132,0.4936,nan
0.846136,0.5279,0.567,0.5376,nan
0.849368,0.5523,0.5718,0.5523,nan
0.8526,0.5181,0.5279,0.523,nan
0.855836,0.4741,0.4741,0.4741,nan
0.85906,0.4888,0.4985,0.4888,nan
0.862288,0.5327,0.5572,0.5279,nan
0.86552,0.5572,0.5816,0.5572,nan
0.868752,0.523,0.5376,0.5279,nan
0.87198,0.479,0.4839,0.4839,nan
0.875212,0.4741,0.4839,0.479,nan
0.87844,0.523,0.5474,0.523,nan
0.88168,0.5523,0.5865,0.5572,nan
0.884896,0.5279,0.5474,0.5327,nan
0.888132,0.4839,0.4888,0.4888,nan
0.891364,0.4741,0.4839,0.4741,nan
0.894592,0.5132,0.5425,0.5132,nan
0.897816,0.5523,0.5865,0.5572,nan
0.901048,0.5376,0.5572,0.5376,nan
0.904284,0.4936,0.4985,0.4936,nan
0.907516,0.4692,0.4741,0.4741,nan
0.910736,0.5132,0.5327,0.5083,nan
0.913972,0.5474,0.5816,0.5474,nan
0.9172,0.5425,0.5621,0.5474,nan
0.920432,0.5034,0.5083,0.5034,nan
0.923664,0.4741,0.479,0.479,nan
0.926888,0.5034,0.5181,0.5083,nan
0.93012,0.5425,0.5718,0.5474,nan
0.933352,0.5523,0.5718,0.5523,nan
0.936576,0.5083,0.5181,0.5132,nan
0.939812,0.4692,0.4741,0.4741,nan
0.943044,0.4936,0.5132,0.4985,nan
0.946272,0.5376,0.5621,0.5376,nan
0.9495,0.5474,0.5718,0.5523,nan
0.952728,0.5132,0.5279,0.5181,nan
0.955964,0.4741,0.4741,0.4741,nan
0.959196,0.4888,0.5034,0.4888,nan
0.962416,0.5279,0.5572,0.5279,nan
0.965656,0.5523,0.5816,0.5572,nan
0.96888,0.523,0.5279,0.523,nan
0.972116,0.4741,0.479,0.4741,nan
0.97534,0.479,0.4888,0.4839,nan
0.978568,0.523,0.5523,0.523,nan
0.9818,0.5523,0.5816,0.5523,nan
0.985032,0.523,0.5376,0.5279,nan
0.98826,0.479,0.4839,0.4839,nan
0.991492,0.4692,0.4839,0.4741,nan
0.99472,0.5132,0.5474,0.5181,nan
0.997952,0.5425,0.5816,0.5523,nan
1.001176,0.5327,0.5523,0.5376,nan
1.0045,0.4888,0.4839,0.4888,nan
1.007812,0.4741,0.479,0.479,nan
1.011128,0.5132,0.5376,0.5181,nan
1.01444,0.5523,0.5767,0.5523,nan
1.017752,0.5376,0.5474,0.5376,nan
1.021076,0.4936,0.4888,0.4936,nan
1.024388,0.4741,0.4741,0.4741,nan
1.027696,0.5181,0.5327,0.5132,nan
1.031016,0.5523,0.5767,0.5572,nan
1.034328,0.5425,0.5523,0.5376,nan
1.037652,0.4985,0.4936,0.4936,nan
1.040964,0.479,0.479,0.4741,nan
1.044272,0.5132,0.5376,0.5132,nan
1.047592,0.5523,0.5816,0.5523,nan
1.050912,0.5376,0.5621,0.5425,nan
1.05422,0.4936,0.4985,0.4936,nan
1.05754,0.4692,0.4741,0.4839,nan
1.060848,0.5181,0.5327,0.5181,nan
1.06416,0.5572,0.5865,0.5572,nan
1.06748,0.5474,0.5523,0.5425,nan
1.070792,0.4985,0.4985,0.5034,nan
1.074116,0.479,0.4741,0.4741,nan
1.077424,0.5181,0.5327,0.5181,nan
1.080736,0.5572,0.5816,0.5572,nan
1.08406,0.5474,0.5572,0.5425,nan
1.087372,0.5034,0.5034,0.4985,nan
1.090692,0.479,0.4741,0.479,nan
1.094,0.5181,0.5327,0.5132,nan
1.097312,0.5523,0.5816,0.5572,nan
1.100632,0.5474,0.5621,0.5474,nan
1.103944,0.5034,0.5034,0.5034,nan
1.10726,0.479,0.479,0.479,nan
1.110576,0.5181,0.5327,0.5132,nan
1.113892,0.5572,0.5816,0.5572,nan
1.117208,0.5474,0.567,0.5474,nan
1.120524,0.5083,0.5132,0.5083,nan
1.123836,0.4741,0.479,0.4741,nan
1.127152,0.5181,0.5376,0.5132,nan
1.130464,0.5523,0.5816,0.5523,nan
1.13378,0.5474,0.5621,0.5474,nan
1.137096,0.5034,0.5083,0.5034,nan
1.140412,0.479,0.479,0.479,nan
1.14372,0.5132,0.5327,0.5132,nan
1.14704,0.5572,0.5767,0.5523,nan
1.150356,0.5425,0.5621,0.5474,nan
1.153672,0.5034,0.5034,0.5034,nan
1.156988,0.479,0.479,0.479,nan
1.160296,0.5132,0.5279,0.5132,nan
1.163616,0.5572,0.5767,0.5523,nan
1.166928,0.5523,0.5621,0.5474,nan
1.17024,0.5083,0.5132,0.5083,nan
1.173564,0.479,0.4741,0.479,nan
1.176872,0.5083,0.5279,0.5132,nan
1.180192,0.5523,0.5816,0.5523,nan
1.183508,0.5572,0.5718,0.5474,nan
1.186816,0.5083,0.5132,0.5132,nan
1.19014,0.479,0.4741,0.479,nan
1.193448,0.5132,0.5279,0.5083,nan
1.19676,0.5474,0.5816,0.5523,nan
1.20008,0.5572,0.5718,0.5523,nan
1.203392,0.5083,0.5132,0.5132,nan
1.206716,0.479,0.479,0.4741,nan
1.210024,0.5132,0.5279,0.5083,nan
1.213336,0.5474,0.5767,0.5523,nan
1.21666,0.5572,0.5767,0.5523,nan
1.219968,0.5132,0.5181,0.5132,nan
1.223292,0.479,0.4741,0.479,nan
1.2266,0.5083,0.523,0.5034,nan
1.229912,0.5474,0.5767,0.5523,nan
1.233232,0.5523,0.5767,0.5523,nan
1.236544,0.5132,0.5181,0.5132,nan
1.23986,0.479,0.479,0.4839,nan
1.243176,0.5083,0.523,0.5083,nan
1.246496,0.5523,0.5816,0.5523,nan
1.2498,0.5572,0.5865,0.5572,nan
1.25312,0.5132,0.5181,0.5181,nan
1.256436,0.4741,0.4741,0.479,nan
1.259752,0.5083,0.5181,0.5034,nan
1.263064,0.5523,0.5718,0.5474,nan
1.26638,0.5572,0.5767,0.5621,nan
1.269696,0.5181,0.5181,0.5181,nan
1.273012,0.479,0.4741,0.4839,nan
1.276328,0.5083,0.523,0.5083,nan
1.27964,0.5523,0.5767,0.5523,nan
1.282952,0.5572,0.5816,0.5621,nan
1.286272,0.5181,0.5181,0.5181,nan
1.289588,0.479,0.479,0.4839,nan
1.292896,0.5083,0.5181,0.5083,nan
1.296216,0.5523,0.5767,0.5474,nan
1.299528,0.5572,0.5767,0.5572,nan
1.30284,0.5181,0.523,0.523,nan
1.306164,0.479,0.4741,0.479,nan
1.309472,0.5083,0.5181,0.5083,nan
1.3128,0.5474,0.5718,0.5474,nan
1.316112,0.5621,0.5816,0.5621,nan
1.319416,0.5181,0.523,0.5181,nan
1.32274,0.479,0.4741,0.479,nan
1.326048,0.5034,0.5132,0.5034,nan
1.32936,0.5474,0.5718,0.5425,nan
1.33268,0.5523,0.5767,0.5572,nan
1.335992,0.5181,0.523,0.5181,nan
1.339316,0.479,0.4741,0.479,nan
1.342628,0.5034,0.5132,0.4985,nan
1.345936,0.5425,0.567,0.5474,nan
1.34926,0.5572,0.5816,0.5572,nan
1.352568,0.523,0.5279,0.523,nan
1.355892,0.479,0.4741,0.4839,nan
1.3592,0.5034,0.5181,0.5034,nan
1.362516,0.5425,0.567,0.5474,nan
1.365832,0.567,0.5816,0.5621,nan
1.369144,0.523,0.5279,0.523,nan
1.37246,0.479,0.479,0.4839,nan
1.375776,0.4985,0.5132,0.5034,nan
1.379088,0.5425,0.567,0.5474,nan
1.3824,0.5621,0.5816,0.5621,nan
1.38572,0.523,0.5279,0.523,nan
1.389036,0.479,0.4741,0.479,nan
1.392356,0.4985,0.5083,0.4985,nan
1.395664,0.5425,0.5621,0.5425,nan
1.39898,0.5572,0.5767,0.5523,nan
1.402296,0.5181,0.5279,0.5181,nan
1.405612,0.4741,0.4741,0.479,nan
1.408932,0.4936,0.5034,0.4985,nan
1.412248,0.5376,0.5621,0.5425,nan
1.415552,0.5572,0.5767,0.5572,nan
1.418872,0.523,0.5279,0.523,nan
1.422188,0.4839,0.4741,0.479,nan
1.4255,0.4985,0.5034,0.4936,nan
1.428816,0.5425,0.5621,0.5376,nan
1.432128,0.5572,0.5767,0.567,nan
1.43544,0.5181,0.5327,0.5279,nan
1.438764,0.479,0.4741,0.479,nan
1.442084,0.4936,0.5083,0.4985,nan
1.445392,0.5376,0.5621,0.5327,nan
1.448708,0.5572,0.5816,0.5621,nan
1.452016,0.5279,0.5327,0.5279,nan
1.45534,0.4839,0.479,0.479,nan
1.458652,0.4985,0.5034,0.4936,nan
1.46196,0.5376,0.5621,0.5376,nan
1.46528,0.5572,0.5816,0.5572,nan
1.468592,0.523,0.5327,0.5279,nan
1.471916,0.4839,0.479,0.479,nan
1.475228,0.4936,0.5034,0.4936,nan
1.478536,0.5376,0.5621,0.5327,nan
1.48186,0.5572,0.5816,0.5572,nan
1.485168,0.5327,0.5376,0.5327,nan
1.488492,0.4839,0.4741,0.479,nan
1.491804,0.4936,0.5034,0.4936,nan
1.495112,0.5327,0.5572,0.5327,nan
1.498436,0.5572,0.5816,0.5572,nan
1.501744,0.5279,0.5376,0.5279,nan
1.50506,0.4839,0.479,0.4839,nan
1.508384,0.4888,0.5034,0.4888,nan
1.511696,0.5327,0.5621,0.5327,nan
1.515,0.5572,0.5816,0.5572,nan
1.51832,0.5279,0.5327,0.5279,nan
1.521636,0.4839,0.479,0.4839,nan
1.524956,0.4839,0.4936,0.4888,nan
1.528264,0.5327,0.5523,0.5327,nan
1.531576,0.5621,0.5816,0.5572,nan
1.534896,0.5279,0.5327,0.5279,nan
1.538212,0.4839,0.479,0.4839,nan
1.541532,0.479,0.4936,0.4936,nan
1.54484,0.5327,0.5523,0.5327,nan
1.548152,0.5572,0.5816,0.5621,nan
1.551476,0.5279,0.5376,0.5327,nan
1.554788,0.4888,0.4839,0.4936,nan
1.5581,0.4839,0.4888,0.4888,nan
1.561416,0.5327,0.5523,0.5279,nan
1.564728,0.5572,0.5816,0.5572,nan
1.56804,0.5279,0.5425,0.5327,nan
1.571364,0.4839,0.479,0.4888,nan
1.574676,0.479,0.4839,0.4839,nan
1.578,0.5279,0.5523,0.5279,nan
1.581304,0.5572,0.5816,0.5572,nan
1.584616,0.5327,0.5376,0.5327,nan
1.58794,0.4888,0.4839,0.4839,nan
1.591252,0.479,0.4839,0.4839,nan
1.59456,0.5279,0.5523,0.5279,nan
1.59788,0.5572,0.5816,0.5621,nan
1.601192,0.5279,0.5376,0.5327,nan
1.604516,0.4888,0.4839,0.4936,nan
1.607832,0.479,0.4839,0.4839,nan
1.611136,0.5327,0.5572,0.5279,nan
1.614456,0.5572,0.5816,0.5523,nan
1.617768,0.5279,0.5376,0.5376,nan
1.621092,0.4888,0.479,0.4936,nan
1.624404,0.4839,0.4839,0.4741,nan
1.627712,0.5181,0.5474,0.523,nan
1.631032,0.5523,0.5767,0.5523,nan
1.634344,0.5327,0.5425,0.5327,nan
1.637668,0.4888,0.4888,0.4888,nan
1.64098,0.4741,0.4839,0.479,nan
1.644288,0.523,0.5425,0.523,nan
1.6476,0.5572,0.5816,0.5523,nan
1.650924,0.5327,0.5425,0.5327,nan
1.654236,0.4888,0.4888,0.4936,nan
1.657556,0.4839,0.4839,0.479,nan
1.660868,0.523,0.5523,0.5327,nan
1.664176,0.5523,0.5767,0.5572,nan
1.667496,0.5376,0.5474,0.5425,nan
1.670812,0.4936,0.4888,0.4888,nan
1.674132,0.4888,0.4985,0.4936,nan
1.67744,0.523,0.5425,0.5181,nan
1.680752,0.5474,0.5767,0.5523,nan
1.684072,0.5376,0.5474,0.5327,nan
1.687388,0.4936,0.4888,0.4888,nan
1.6907,0.4839,0.4839,0.479,nan
1.694016,0.523,0.5376,0.5181,nan
1.697332,0.5572,0.5816,0.5523,nan
1.700644,0.5376,0.5523,0.5376,nan
1.703968,0.4985,0.4936,0.4936,nan
1.70728,0.479,0.4888,0.4839,nan
1.710592,0.523,0.5425,0.5181,nan
1.713904,0.5572,0.5816,0.5523,nan
1.717216,0.5376,0.5474,0.5327,nan
1.72054,0.4936,0.4888,0.4888,nan
1.723852,0.4741,0.4888,0.4741,nan
1.72716,0.5181,0.5425,0.5181,nan
1.73048,0.5621,0.5816,0.5572,nan
1.733792,0.5376,0.5523,0.5376,nan
1.737116,0.4936,0.4985,0.4985,nan
1.740428,0.479,0.479,0.479,nan
1.743736,0.5181,0.5376,0.5181,nan
1.747056,0.5572,0.5816,0.5572,nan
1.750372,0.5425,0.5523,0.5425,nan
1.753692,0.4985,0.4936,0.4985,nan
1.757004,0.479,0.479,0.479,nan
1.760312,0.5181,0.5376,0.5181,nan
1.763632,0.5572,0.5816,0.5572,nan
1.766948,0.5474,0.5572,0.5425,nan
1.77026,0.4985,0.4985,0.4985,nan
1.773584,0.479,0.4741,0.4741,nan
1.776888,0.5181,0.5376,0.5181,nan
1.780204,0.5621,0.5865,0.5572,nan
1.78352,0.5523,0.5572,0.5425,nan
1.786832,0.4985,0.5034,0.5034,nan
1.790156,0.479,0.4741,0.479,nan
1.793464,0.5181,0.5376,0.5132,nan
1.796776,0.5523,0.5816,0.5572,nan
1.800096,0.5425,0.5572,0.5425,nan
1.803416,0.4985,0.4985,0.5034,nan
1.806732,0.4741,0.479,0.479,nan
1.81004,0.5181,0.5327,0.5132,nan
1.813352,0.5523,0.5865,0.5523,nan
1.816672,0.5425,0.5572,0.5474,nan
1.819988,0.5034,0.5034,0.4985,nan
1.8233,0.4741,0.4741,0.479,nan
1.826616,0.5132,0.5327,0.5132,nan
1.829928,0.5523,0.5816,0.5572,nan
1.833248,0.5425,0.5572,0.5523,nan
1.83656,0.5034,0.5034,0.5034,nan
1.839876,0.4741,0.4741,0.479,nan
1.843192,0.5181,0.5327,0.5083,nan
1.846504,0.5523,0.5816,0.5523,nan
1.849816,0.5474,0.5621,0.5474,nan
1.85314,0.5034,0.5034,0.4985,nan
1.856452,0.4839,0.4741,0.4741,nan
1.85976,0.5083,0.5327,0.5132,nan
1.86308,0.5523,0.5767,0.5474,nan
1.866392,0.5474,0.5572,0.5425,nan
1.869712,0.5034,0.5034,0.5034,nan
1.873028,0.4741,0.479,0.4741,nan
1.876336,0.5083,0.5279,0.5083,nan
1.87966,0.5523,0.5767,0.5474,nan
1.882968,0.5523,0.5572,0.5425,nan
1.88628,0.5034,0.5083,0.5034,nan
1.889604,0.4741,0.4741,0.4741,nan
1.892912,0.5083,0.5279,0.5083,nan
1.896232,0.5523,0.5767,0.5474,nan
1.899552,0.5523,0.5621,0.5425,nan
1.902864,0.5083,0.5132,0.5083,nan
1.90618,0.4741,0.479,0.479,nan
1.909488,0.5083,0.5279,0.5083,nan
1.9128,0.5572,0.5767,0.5523,nan
1.916124,0.5523,0.567,0.5425,nan
